# flag -> id of the boss name in the game's own texts (slot 18, NpcName)
# flag -> "Name" only where that id is still unknown
# Sources: soulsmods/Paramdex ER/Names/GameAreaParam.txt + NpcName exported from the game
# trailing R - this boss drops a Remembrance (from ItemLotParam_map names)
10000800 904750000 R
10000850 902130000
10010800 904690000
11000800 902130002 R
11000850 904720000
11050800 904720001 R
11050850 132400
12010800 904650000
12010850 904650600
12020800 904770000
12020830 904650600
12020850 903320000
12030390 902500301
12030800 136100
12030850 904510000 R
12040800 904620001 R
12050800 904800000 R
12080800 904670000 R
12090800 904670001
13000800 902110001 R
13000830 904520000 R
13000850 903575000
14000800 120000 R
14000850 903181000
15000800 902120000 R
15000850 903252000
16000800 904710001 R
16000850 903570000
16000860 904470000
18000800 "Crucible Illusion"
18000850 904311000
19000800 902200000 R
20000800 905210000
20010800 905220000 R
21000850 905010000
21010800 905130000 R
22000800 905020000 R
25000800 905200000 R
28000800 905051000 R
30000800 903664300
30010800 904260300
30020800 904260300
30030800 904140300
30040800 903400300
30050800 903664300
30050850 902100300
30060800 904260300
30070800 904260300
30080800 907100300
30090800 903181300
30100800 902500300
30100801 902500301
30110800 902100300
30120800 903700300
30120801 903460300
30130800 903400300
30140800 904260300
30150800 903664300
30160800 904640300
30170800 907100300
30180800 904640000
30190800 903400302
30200800 903320300
31000800 130900
31010800 904630310
31020800 904480310
31030800 903970310
31040800 903800310
31050800 904290310
31060800 903350320
31070800 903810310
31090800 904130310
31100800 903970310
31110800 903350320
31120800 903460310
31150800 904120310
31170800 904660310
31180800 904820310
31190800 902100300
31190850 137600
31200800 903800310
31210800 903400310
31220800 904140300
32000800 903451320
32010800 904600320
32020800 903350321
32040800 904600320
32050800 903350321
32050801 903350311
32070800 904910320
32080800 904680320
32110800 904620320
34120800 903600320
34130800 903560000
34140850 902140000
35000800 904800002
35000850 138600
39200800 904910000
40000800 905070400
40010800 905070400
41000800 905810410
41010800 905040400
41020800 142700
43000800 905081430
43010800 140700
1033420800 902100521
1033430800 904810600
1033450800 904600520
1034420800 904502601
1034450800 904502600
1034480800 904020540
1034500800 904502601
1035420800 904820310
1035500800 903253500
1035530800 904910320
1036450340 904980600
1036480340 903150600
1036500800 903600320
1036540800 904680320
1037420340 904980600
1037460800 903100600
1037510800 904510600
1037530800 904130600
1037540810 904640000
1038410800 135600
1038480800 904810600
1038510800 "Demi-Human Queen"
1038520340 904950600
1039430340 903150600
1039440800 904950600
1039500800 904750520
1039510800 903100600
1039540800 903100600
1040520800 902100300
1040530800 134310
1041500800 904680320
1041510800 903251600
1041520800 "Ancient Dragon"
1041530800 904580600
1042330800 907100300
1042360800 903251600
1042370800 902500301
1042380800 904980600
1042380850 903100600
1042550800 903560000
1043300800 903460500
1043330800 904810600
1043360800 904500600
1043370340 903150600
1043530800 903100600
1044320340 904980600
1044320342 903150600
1044350800 904290520
1044360800 904340540
1044530800 903100600
1045390800 904950600
1045520800 903250600
1047400800 904811600
1048370800 904501600
1048400800 904340540
1048410800 903100600
1048510800 903150600
1048570800 904980600
1049370800 903150600
1049370850 904980600
1049380800 903050600
1049390800 903300561
1049390850 903704520
1049520800 904770600
1050560800 904911600
1050570800 904980600
1050570850 904811600
1051360800 902500301
1051400800 904811600
1051430800 904770600
1051570800 903050500
1052380800 904730000
1052410800 904500601
1052410850 903150600
1052520800 904760000 R
1052560800 904810600
1053560800 130401
1054560800 904503600
1248550800 903150600
2044450800 905030000 R
2044470800 905820600
2045440800 905860600
2046380800 142200
2046400800 905730600
2046410800 142400
2046450800 142100
2046460800 905210000 R
2047390800 904980600
2047450800 905840501
2048380850 905860600
2048440800 905300000 R
2049410800 905580600
2049430800 905860600
2049430850 905840500
2049450800 905820601
2049480800 905000000 R
2050470800 903251600
2050480800 905230000 R
2050480860 903251600
2051440800 142300
2052400800 905580600
2052430800 905320000
2052480800 904680320
2054390800 905120000
2054390850 905370600
